{
  "asset": {
    "version": "2.0",
    "generator": "THREE.GLTFExporter"
  },
  "scenes": [
    {
      "name": "Scene",
      "nodes": [
        55
      ]
    }
  ],
  "scene": 0,
  "nodes": [
    {
      "rotation": [
        -0.07770293205976486,
        0.2354370504617691,
        0.01769224740564823,
        0.9686168432235718
      ],
      "translation": [
        1183.3900146484375,
        545.0134887695312,
        2289.43310546875
      ],
      "scale": [
        1,
        0.9999998211860657,
        0.9999999403953552
      ],
      "name": "单体特效镜头",
      "extras": {
        "name": "单体特效镜头",
        "transformData": {
          "inheritType": 1,
          "eulerOrder": "ZYX",
          "translation": [
            1183.3900146484375,
            545.0134887695312,
            2289.43310546875
          ],
          "preRotation": [
            -90,
            0,
            0
          ],
          "rotation": [
            80.85927171145386,
            0.13259846957047636,
            27.31275268698212
          ],
          "parentMatrix": {
            "elements": [
              1,
              0,
              0,
              0,
              0,
              1,
              0,
              0,
              0,
              0,
              1,
              0,
              0,
              0,
              0,
              1
            ]
          },
          "parentMatrixWorld": {
            "elements": [
              1,
              0,
              0,
              0,
              0,
              1,
              0,
              0,
              0,
              0,
              1,
              0,
              0,
              0,
              0,
              1
            ]
          }
        }
      }
    },
    {
      "rotation": [
        -0.7071067811865475,
        0,
        0,
        0.7071067811865476
      ],
      "translation": [
        0,
        130.33616638183594,
        0
      ],
      "name": "单体特效镜头Target",
      "extras": {
        "name": "单体特效镜头Target",
        "transformData": {
          "inheritType": 1,
          "eulerOrder": "ZYX",
          "translation": [
            0,
            130.33616638183594,
            0
          ],
          "preRotation": [
            -90,
            0,
            0
          ],
          "parentMatrix": {
            "elements": [
              1,
              0,
              0,
              0,
              0,
              1,
              0,
              0,
              0,
              0,
              1,
              0,
              0,
              0,
              0,
              1
            ]
          },
          "parentMatrixWorld": {
            "elements": [
              1,
              0,
              0,
              0,
              0,
              1,
              0,
              0,
              0,
              0,
              1,
              0,
              0,
              0,
              0,
              1
            ]
          }
        }
      }
    },
    {
      "rotation": [
        -0.7071067811865475,
        0,
        0,
        0.7071067811865476
      ],
      "translation": [
        0,
        130.33616638183594,
        0
      ],
      "name": "歇息Target",
      "extras": {
        "name": "歇息Target",
        "transformData": {
          "inheritType": 1,
          "eulerOrder": "ZYX",
          "translation": [
            0,
            130.33616638183594,
            0
          ],
          "preRotation": [
            -90,
            0,
            0
          ],
          "parentMatrix": {
            "elements": [
              1,
              0,
              0,
              0,
              0,
              1,
              0,
              0,
              0,
              0,
              1,
              0,
              0,
              0,
              0,
              1
            ]
          },
          "parentMatrixWorld": {
            "elements": [
              1,
              0,
              0,
              0,
              0,
              1,
              0,
              0,
              0,
              0,
              1,
              0,
              0,
              0,
              0,
              1
            ]
          }
        }
      }
    },
    {
      "rotation": [
        -0.07681220024824142,
        -0.15317752957344055,
        -0.013118885457515717,
        0.9851215481758118
      ],
      "translation": [
        -780.610107421875,
        534.8768920898438,
        2451.00830078125
      ],
      "scale": [
        1.0000001192092896,
        0.9999998807907104,
        0.9999999403953552
      ],
      "name": "歇息",
      "extras": {
        "name": "歇息",
        "transformData": {
          "inheritType": 1,
          "eulerOrder": "ZYX",
          "translation": [
            -780.610107421875,
            534.8768920898438,
            2451.00830078125
          ],
          "preRotation": [
            -90,
            0,
            0
          ],
          "rotation": [
            81.0624276142665,
            0.13267344900704,
            -17.68677563596222
          ],
          "parentMatrix": {
            "elements": [
              1,
              0,
              0,
              0,
              0,
              1,
              0,
              0,
              0,
              0,
              1,
              0,
              0,
              0,
              0,
              1
            ]
          },
          "parentMatrixWorld": {
            "elements": [
              1,
              0,
              0,
              0,
              0,
              1,
              0,
              0,
              0,
              0,
              1,
              0,
              0,
              0,
              0,
              1
            ]
          }
        }
      }
    },
    {
      "rotation": [
        -0.12826280295848846,
        -0.6953766345977783,
        -0.12989245355129242,
        0.6950740814208984
      ],
      "translation": [
        -3575.19287109375,
        1505.29443359375,
        -0.00004082093801116571
      ],
      "scale": [
        1.0000001192092896,
        0.9999998211860657,
        1
      ],
      "name": "走路跑步",
      "extras": {
        "name": "走路跑步",
        "transformData": {
          "inheritType": 1,
          "eulerOrder": "ZYX",
          "translation": [
            -3575.19287109375,
            1505.29443359375,
            -0.00004082093801116571
          ],
          "preRotation": [
            -90,
            0,
            0
          ],
          "rotation": [
            68.96405539121557,
            0.125353699911379,
            -90.04820759308907
          ],
          "parentMatrix": {
            "elements": [
              1,
              0,
              0,
              0,
              0,
              1,
              0,
              0,
              0,
              0,
              1,
              0,
              0,
              0,
              0,
              1
            ]
          },
          "parentMatrixWorld": {
            "elements": [
              1,
              0,
              0,
              0,
              0,
              1,
              0,
              0,
              0,
              0,
              1,
              0,
              0,
              0,
              0,
              1
            ]
          }
        }
      }
    },
    {
      "rotation": [
        -0.7071067811865475,
        0,
        0,
        0.7071067811865476
      ],
      "translation": [
        0,
        130.33616638183594,
        0
      ],
      "name": "走路跑步Target",
      "extras": {
        "name": "走路跑步Target",
        "transformData": {
          "inheritType": 1,
          "eulerOrder": "ZYX",
          "translation": [
            0,
            130.33616638183594,
            0
          ],
          "preRotation": [
            -90,
            0,
            0
          ],
          "parentMatrix": {
            "elements": [
              1,
              0,
              0,
              0,
              0,
              1,
              0,
              0,
              0,
              0,
              1,
              0,
              0,
              0,
              0,
              1
            ]
          },
          "parentMatrixWorld": {
            "elements": [
              1,
              0,
              0,
              0,
              0,
              1,
              0,
              0,
              0,
              0,
              1,
              0,
              0,
              0,
              0,
              1
            ]
          }
        }
      }
    },
    {
      "rotation": [
        -0.08947215974330902,
        -0.0001048472840921022,
        -0.0011673225089907646,
        0.9959886074066162
      ],
      "translation": [
        0,
        545.0134887695312,
        2289.43310546875
      ],
      "scale": [
        1.0000001192092896,
        0.9999998807907104,
        0.9999998807907104
      ],
      "name": "正面",
      "extras": {
        "name": "正面",
        "transformData": {
          "inheritType": 1,
          "eulerOrder": "ZYX",
          "translation": [
            0,
            545.0134887695312,
            2289.43310546875
          ],
          "preRotation": [
            -90,
            0,
            0
          ],
          "rotation": [
            79.73348467779748,
            0.13215386365259554,
            -0.02393475320477165
          ],
          "parentMatrix": {
            "elements": [
              1,
              0,
              0,
              0,
              0,
              1,
              0,
              0,
              0,
              0,
              1,
              0,
              0,
              0,
              0,
              1
            ]
          },
          "parentMatrixWorld": {
            "elements": [
              1,
              0,
              0,
              0,
              0,
              1,
              0,
              0,
              0,
              0,
              1,
              0,
              0,
              0,
              0,
              1
            ]
          }
        }
      }
    },
    {
      "rotation": [
        -0.7071067811865475,
        0,
        0,
        0.7071067811865476
      ],
      "translation": [
        0,
        130.33616638183594,
        0
      ],
      "name": "正面Target",
      "extras": {
        "name": "正面Target",
        "transformData": {
          "inheritType": 1,
          "eulerOrder": "ZYX",
          "translation": [
            0,
            130.33616638183594,
            0
          ],
          "preRotation": [
            -90,
            0,
            0
          ],
          "parentMatrix": {
            "elements": [
              1,
              0,
              0,
              0,
              0,
              1,
              0,
              0,
              0,
              0,
              1,
              0,
              0,
              0,
              0,
              1
            ]
          },
          "parentMatrixWorld": {
            "elements": [
              1,
              0,
              0,
              0,
              0,
              1,
              0,
              0,
              0,
              0,
              1,
              0,
              0,
              0,
              0,
              1
            ]
          }
        }
      }
    },
    {
      "rotation": [
        0,
        0,
        0.707106351852417,
        0.7071071863174438
      ],
      "translation": [
        0,
        0,
        -84.424254519778
      ],
      "name": "Bip01_Footsteps",
      "extras": {
        "name": "Bip01_Footsteps",
        "transformData": {
          "inheritType": 1,
          "eulerOrder": "ZYX",
          "translation": [
            0,
            0,
            -82.80796813964844
          ],
          "rotation": [
            0,
            0,
            89.9999316981083
          ],
          "parentMatrix": {
            "elements": [
              0.0000011920925402364446,
              0,
              0.9999999999996447,
              0,
              0.9999999999996447,
              -3.552713678800501e-13,
              -0.0000011920928955078125,
              0,
              0,
              1.0000000000003553,
              -3.552713678800501e-13,
              0,
              -0.35911892602697126,
              85.20649419795612,
              0.0689402414845163,
              1
            ]
          },
          "parentMatrixWorld": {
            "elements": [
              0.0000011920925402364446,
              0,
              0.9999999999996447,
              0,
              0.9999999999996447,
              -3.552713678800501e-13,
              -0.0000011920928955078125,
              0,
              0,
              1.0000000000003553,
              -3.552713678800501e-13,
              0,
              -0.35911892602697126,
              85.20649419795612,
              0.0689402414845163,
              1
            ]
          }
        }
      }
    },
    {
      "rotation": [
        -2.7969362421702564e-10,
        -1.3962721810835236e-11,
        3.998203036477767e-20,
        1
      ],
      "translation": [
        51.65088699317494,
        5.054328090628483e-7,
        9.476865169928406e-8
      ],
      "scale": [
        0.9999999403953552,
        0.9999999403953552,
        0.9999999684104495
      ],
      "name": "Bip01_HeadNub",
      "extras": {
        "name": "Bip01_HeadNub",
        "transformData": {
          "inheritType": 1,
          "eulerOrder": "ZYX",
          "translation": [
            51.65089416503906,
            -9.5367431640625e-7,
            -2.384185791015625e-7
          ],
          "rotation": [
            -2.334537313969202e-8,
            0,
            -1.0672171214255898e-7
          ],
          "parentMatrix": {
            "elements": [
              0.9866060653827238,
              0.1602550915094099,
              0.030442107427525938,
              0,
              -0.16187289662346116,
              0.9848981352216639,
              0.06142284595162871,
              0,
              -0.020139054703507582,
              -0.06552791564373879,
              0.9976476005897862,
              0,
              5.840812225575055,
              -9.5367431640625e-7,
              -1.1206037683585042e-7,
              1
            ]
          },
          "parentMatrixWorld": {
            "elements": [
              -0.009016693659173142,
              0.999298136326627,
              0.036357945939934994,
              0,
              -0.027590642531647308,
              -0.03659421924105355,
              0.9989492077803566,
              0,
              0.9995787351022738,
              0.00800406962490972,
              0.02790123002870449,
              0,
              -0.5894481542546881,
              137.11513627958564,
              -6.069735305814517,
              1
            ]
          }
        }
      }
    },
    {
      "rotation": [
        -0.5957686730605274,
        -0.8031560792790597,
        -2.8408465438004005e-7,
        3.829746624369906e-7
      ],
      "translation": [
        23.853711941803684,
        1.6190353239488493,
        8.527350759746656e-7
      ],
      "name": "Bone01",
      "extras": {
        "name": "Bone01",
        "transformData": {
          "inheritType": 1,
          "eulerOrder": "ZYX",
          "translation": [
            24.790359497070312,
            0.9197626113891602,
            -2.384185791015625e-7
          ],
          "rotation": [
            179.99999135554128,
            -0.000054668190711060915,
            91.82573581838551
          ],
          "parentMatrix": {
            "elements": [
              0.9866060653827238,
              0.1602550915094099,
              0.030442107427525938,
              0,
              -0.16187289662346116,
              0.9848981352216639,
              0.06142284595162871,
              0,
              -0.020139054703507582,
              -0.06552791564373879,
              0.9976476005897862,
              0,
              5.840812225575055,
              -9.5367431640625e-7,
              -1.1206037683585042e-7,
              1
            ]
          },
          "parentMatrixWorld": {
            "elements": [
              -0.009016693659173142,
              0.999298136326627,
              0.036357945939934994,
              0,
              -0.027590642531647308,
              -0.03659421924105355,
              0.9989492077803566,
              0,
              0.9995787351022738,
              0.00800406962490972,
              0.02790123002870449,
              0,
              -0.5894481542546881,
              137.11513627958564,
              -6.069735305814517,
              1
            ]
          }
        }
      }
    },
    {
      "name": "Bip01_Head_1",
      "extras": {
        "name": "Bip01_Head"
      }
    },
    {
      "rotation": [
        0.03186078269361649,
        -0.012694334548676942,
        0.08084434030328277,
        0.9961365153314403
      ],
      "translation": [
        5.840812225575055,
        -9.5367431640625e-7,
        -1.1206037683585042e-7
      ],
      "scale": [
        0.9999999719849058,
        0.9999999684104495,
        1.0000001120603768
      ],
      "name": "Bip01_Head",
      "extras": {
        "name": "Bip01_Head",
        "transformData": {
          "inheritType": 1,
          "eulerOrder": "ZYX",
          "translation": [
            5.8408203125,
            -0.0000019073486328125,
            0
          ],
          "rotation": [
            -16.77331184624817,
            3.447571428493556,
            9.010143958142345
          ],
          "parentMatrix": {
            "elements": [
              0.9998910644342647,
              -0.008154270025512472,
              -0.012303135494574744,
              0,
              0.008677821598397407,
              0.9990322315521062,
              0.043118901720206916,
              0,
              0.011939625402799012,
              -0.04322096774321179,
              0.9989941347250115,
              0,
              24.56560874950628,
              -1.907470703125,
              -0.00020015954606847667,
              1
            ]
          },
          "parentMatrixWorld": {
            "elements": [
              -0.024560313735990866,
              0.9916760754174831,
              -0.12639374427747196,
              0,
              -0.09411924162154942,
              0.12357655269543963,
              0.9878615107216313,
              0,
              0.9952579200190432,
              0.03615826094820184,
              0.090300708574375,
              0,
              -0.4459959517516796,
              131.3229426563806,
              -5.331492226785169,
              1
            ]
          }
        }
      },
      "children": [
        9,
        10,
        11
      ]
    },
    {
      "rotation": [
        -6.549806070371335e-17,
        2.2798549670369525e-8,
        4.468066272257421e-10,
        0.9999999999999998
      ],
      "translation": [
        3.7515247536580283,
        0,
        0
      ],
      "scale": [
        0.9999999719849058,
        1,
        1
      ],
      "name": "Bip01_L_Finger0Nub",
      "extras": {
        "name": "Bip01_L_Finger0Nub",
        "transformData": {
          "inheritType": 1,
          "eulerOrder": "ZYX",
          "translation": [
            3.75152587890625,
            0.000003814697265625,
            0
          ],
          "rotation": [
            -8.537736462515944e-7,
            0,
            0
          ],
          "parentMatrix": {
            "elements": [
              0.9781115500636617,
              0.2080814945600368,
              -1.4017255354076232e-8,
              0,
              -0.2080814814136356,
              0.9781114882674566,
              7.916808397881954e-9,
              0,
              1.5357779047666058e-8,
              -4.826790286654637e-9,
              0.9999999999999999,
              0,
              6.864728927612305,
              -0.0000020217312362513933,
              0.000004043462472502787,
              1
            ]
          },
          "parentMatrixWorld": {
            "elements": [
              0.15066703235304751,
              -0.5721315192595716,
              0.8062038977130076,
              0,
              0.8114092328870841,
              -0.3942899684502057,
              -0.4314517042123285,
              0,
              0.5647253564702195,
              0.71916709466838,
              0.40482622202655755,
              0,
              15.45885783041121,
              75.8657263498975,
              23.395225481642736,
              1
            ]
          }
        }
      }
    },
    {
      "rotation": [
        3.2034777213710212e-9,
        7.3842772097627785e-9,
        0.10461478083930018,
        0.9945128271158361
      ],
      "translation": [
        6.864728927612305,
        -0.0000020217312362513933,
        0.000004043462472502787
      ],
      "scale": [
        1.0000000560301885,
        0.9999999928510872,
        1
      ],
      "name": "Bip01_L_Finger01",
      "extras": {
        "name": "Bip01_L_Finger01",
        "transformData": {
          "inheritType": 1,
          "eulerOrder": "ZYX",
          "translation": [
            6.864734649658203,
            0.000003814697265625,
            0.000003814697265625
          ],
          "rotation": [
            0.000004268869048558481,
            -0.0000017075472539047362,
            12.233083863169155
          ],
          "parentMatrix": {
            "elements": [
              0.9519426609473308,
              0.02869112090991089,
              -0.30492872679294425,
              0,
              0.26466325102838906,
              -0.5781082584185775,
              0.7718448549312794,
              0,
              -0.15413676009713687,
              -0.8154557069818521,
              -0.5579195602510367,
              0,
              5.354261512698033,
              2.8117904663085938,
              -5.842817192135952,
              1
            ]
          },
          "parentMatrixWorld": {
            "elements": [
              -0.02147008089413814,
              -0.4775639311462482,
              0.8783343723627506,
              0,
              0.8249997181886561,
              -0.5047095247605933,
              -0.2542517831786285,
              0,
              0.5647253607820529,
              0.7191670995665744,
              0.40482620731007235,
              0,
              15.606243500285274,
              79.14406935450921,
              17.365695956639616,
              1
            ]
          }
        }
      },
      "children": [
        13
      ]
    },
    {
      "rotation": [
        0.8786311133073816,
        0.08346914381369783,
        -0.1306195294723821,
        0.45164014310484435
      ],
      "translation": [
        5.354261512698033,
        2.8117904663085938,
        -5.842817192135952
      ],
      "scale": [
        0.9999997687303336,
        1.0000001192092896,
        1.000000175239478
      ],
      "name": "Bip01_L_Finger0",
      "extras": {
        "name": "Bip01_L_Finger0",
        "transformData": {
          "inheritType": 1,
          "eulerOrder": "ZYX",
          "translation": [
            5.3542633056640625,
            2.8117904663085938,
            -5.8428192138671875
          ],
          "rotation": [
            125.47987187368089,
            19.224394623864914,
            3.815912419906574
          ],
          "parentMatrix": {
            "elements": [
              0.9749892730416987,
              -0.13898255966647202,
              0.17343551601594243,
              0,
              0.13310244597981308,
              -0.2598025735724411,
              -0.9564447206072239,
              0,
              0.17798809912408747,
              0.9556078969878103,
              -0.23480577056477472,
              0,
              17.311654930173063,
              0.0000010108656181256967,
              0,
              1
            ]
          },
          "parentMatrixWorld": {
            "elements": [
              0.11086384805967653,
              -0.6990417661488791,
              0.7064346831144166,
              0,
              -0.9380633599587866,
              -0.3083738768787712,
              -0.15793228700176432,
              0,
              0.3282472569570589,
              -0.6451715523523337,
              -0.6899327488358593,
              0,
              19.56817579401544,
              79.9843850678737,
              9.996181494203164,
              1
            ]
          }
        }
      },
      "children": [
        14
      ]
    },
    {
      "rotation": [
        -2.8908708298328945e-8,
        7.227176892485295e-9,
        -1.600003651674642e-8,
        0.9999999999999996
      ],
      "translation": [
        5.933607997923445,
        0,
        0.0000017929660293736067
      ],
      "scale": [
        1.0000000560301885,
        1,
        1
      ],
      "name": "Bip01_L_Finger1Nub",
      "extras": {
        "name": "Bip01_L_Finger1Nub",
        "transformData": {
          "inheritType": 1,
          "eulerOrder": "ZYX",
          "translation": [
            5.93360710144043,
            0,
            0
          ],
          "rotation": [
            -0.0000017075472925031865,
            2.1344341156289847e-7,
            8.537736462515938e-7
          ],
          "parentMatrix": {
            "elements": [
              -0.2390618643288169,
              0.971004471702288,
              9.225809425470946e-9,
              0,
              -0.9710044103551057,
              -0.23906184922510523,
              1.4004507713053005e-8,
              0,
              1.580397469894898e-8,
              -5.610356650583244e-9,
              0.9999999368208987,
              0,
              6.1792755126953125,
              -8.964830146868033e-7,
              -0.0000020217312362513933,
              1
            ]
          },
          "parentMatrixWorld": {
            "elements": [
              -0.8396780537878762,
              0.1048838361353621,
              -0.532860398155141,
              0,
              0.4393094721270144,
              0.708033392805334,
              -0.5528977019555148,
              0,
              0.31929289829806584,
              -0.698346710067838,
              -0.64059629377342,
              0,
              19.15714440484527,
              69.37366059439137,
              20.37394150571495,
              1
            ]
          }
        }
      }
    },
    {
      "rotation": [
        7.949972354329841e-9,
        2.6661540414030854e-9,
        0.7871028636177184,
        0.616821765510148
      ],
      "translation": [
        6.1792755126953125,
        -8.964830146868033e-7,
        -0.0000020217312362513933
      ],
      "scale": [
        1.0000001192092896,
        1.0000000560301885,
        0.9999999368208988
      ],
      "name": "Bip01_L_Finger11",
      "extras": {
        "name": "Bip01_L_Finger11",
        "transformData": {
          "inheritType": 1,
          "eulerOrder": "ZYX",
          "translation": [
            6.1792755126953125,
            0,
            0.000003814697265625
          ],
          "rotation": [
            -0.000001707547323331695,
            -0.0000010672170270211813,
            104.11022647178089
          ],
          "parentMatrix": {
            "elements": [
              0.9423350468939649,
              0.3266821003407054,
              -0.0726854668107748,
              0,
              -0.32704565457238965,
              0.9449812018614123,
              0.007179723713123182,
              0,
              0.07103190144004247,
              0.017005764314211476,
              0.9973290695366076,
              0,
              8.880030460445138,
              0.0000017929660293736067,
              0.000003814697265625,
              1
            ]
          },
          "parentMatrixWorld": {
            "elements": [
              -0.22583642432511508,
              -0.7125771858179455,
              0.664252592927975,
              0,
              -0.9203530564585575,
              -0.06742109830542144,
              -0.38523296225271886,
              0,
              0.3192929168763096,
              -0.6983467433054622,
              -0.640596346904847,
              0,
              20.552649711995702,
              73.77686987731025,
              16.269340083522295,
              1
            ]
          }
        }
      },
      "children": [
        16
      ]
    },
    {
      "rotation": [
        -0.0024927162420298205,
        0.036458902855583966,
        0.1658407587789999,
        0.9854752024584672
      ],
      "translation": [
        8.880030460445138,
        0.0000017929660293736067,
        0.000003814697265625
      ],
      "scale": [
        0.9999998563500727,
        0.9999999403953552,
        1
      ],
      "name": "Bip01_L_Finger1",
      "extras": {
        "name": "Bip01_L_Finger1",
        "transformData": {
          "inheritType": 1,
          "eulerOrder": "ZYX",
          "translation": [
            8.880027770996094,
            0,
            0
          ],
          "rotation": [
            0.4327922036540355,
            4.16618963345479,
            19.399834786789043
          ],
          "parentMatrix": {
            "elements": [
              0.9749892730416987,
              -0.13898255966647202,
              0.17343551601594243,
              0,
              0.13310244597981308,
              -0.2598025735724411,
              -0.9564447206072239,
              0,
              0.17798809912408747,
              0.9556078969878103,
              -0.23480577056477472,
              0,
              17.311654930173063,
              0.0000010108656181256967,
              0,
              1
            ]
          },
          "parentMatrixWorld": {
            "elements": [
              0.11086384805967653,
              -0.6990417661488791,
              0.7064346831144166,
              0,
              -0.9380633599587866,
              -0.3083738768787712,
              -0.15793228700176432,
              0,
              0.3282472569570589,
              -0.6451715523523337,
              -0.6899327488358593,
              0,
              19.56817579401544,
              79.9843850678737,
              9.996181494203164,
              1
            ]
          }
        }
      },
      "children": [
        17
      ]
    },
    {
      "rotation": [
        -0.785747662327211,
        0.0018708656859950036,
        -0.11181185382217074,
        0.6083545283893708
      ],
      "translation": [
        17.311654930173063,
        0.0000010108656181256967,
        0
      ],
      "scale": [
        1.0000000560301885,
        1.0000000560301885,
        0.9999999684104495
      ],
      "name": "Bip01_L_Hand",
      "extras": {
        "name": "Bip01_L_Hand",
        "transformData": {
          "inheritType": 1,
          "eulerOrder": "ZYX",
          "translation": [
            17.311649322509766,
            0,
            0.0000019073486328125
          ],
          "rotation": [
            -104.16347735431259,
            -5.549758184658257,
            7.3369467973101585
          ],
          "parentMatrix": {
            "elements": [
              0.8681029684833131,
              -0.49638409833360525,
              -4.370133747709781e-8,
              0,
              0.4963840705211114,
              0.8681029198433379,
              3.994795598694764e-8,
              0,
              1.810773015294338e-8,
              -5.63715918913139e-8,
              0.9999999684104477,
              0,
              26.091835021972656,
              -7.867448644539958e-7,
              0.0000020217312362513933,
              1
            ]
          },
          "parentMatrixWorld": {
            "elements": [
              0.041656649245676504,
              -0.837436323301555,
              0.5449451649090052,
              0,
              0.5419787826559395,
              -0.43926013516868473,
              -0.7164560829474363,
              0,
              0.8393589948401395,
              0.3251938776787119,
              0.4355745257424899,
              0,
              18.847029708859317,
              94.48179416689604,
              0.5622795676730319,
              1
            ]
          }
        }
      },
      "children": [
        15,
        18
      ]
    },
    {
      "rotation": [
        2.491546845398577e-8,
        1.5988466233937524e-8,
        -0.2568044042590614,
        0.9664633973983763
      ],
      "translation": [
        26.091835021972656,
        -7.867448644539958e-7,
        0.0000020217312362513933
      ],
      "scale": [
        0.9999999684104495,
        0.999999912380261,
        0.9999999684104495
      ],
      "name": "Bip01_L_Forearm",
      "extras": {
        "name": "Bip01_L_Forearm",
        "transformData": {
          "inheritType": 1,
          "eulerOrder": "ZYX",
          "translation": [
            26.091835021972656,
            0,
            -0.0000019073486328125
          ],
          "rotation": [
            0,
            -0.0000034150948699359693,
            -9.84176115700693
          ],
          "parentMatrix": {
            "elements": [
              0.930792394589003,
              -0.03243158440059213,
              -0.36410708042744977,
              0,
              0.22441980614926949,
              0.8369488123669663,
              0.4991517230906416,
              0,
              0.28855065619805126,
              -0.5463193674119763,
              0.786303735308594,
              0,
              12.127972335465543,
              5.054328090628483e-7,
              0.00000312840164499164,
              1
            ]
          },
          "parentMatrixWorld": {
            "elements": [
              0.30519195972138086,
              -0.9450227701985028,
              0.1174311039513947,
              0,
              0.449815699201791,
              0.0343670094464571,
              -0.892459882375171,
              0,
              0.8393590411856092,
              0.32519390700098216,
              0.435574487066298,
              0,
              10.884010102708324,
              119.13917174850634,
              -2.501715005827655,
              1
            ]
          }
        }
      },
      "children": [
        19
      ]
    },
    {
      "rotation": [
        0.27728130357249803,
        0.1730987839543212,
        -0.06812248164631904,
        0.942608740332584
      ],
      "translation": [
        12.127972335465543,
        5.054328090628483e-7,
        0.00000312840164499164
      ],
      "scale": [
        1.0000001263582021,
        1,
        0.9999999439698115
      ],
      "name": "Bip01_L_UpperArm",
      "extras": {
        "name": "Bip01_L_UpperArm",
        "transformData": {
          "inheritType": 1,
          "eulerOrder": "ZYX",
          "translation": [
            12.127960205078125,
            9.5367431640625e-7,
            0
          ],
          "rotation": [
            37.12454822929446,
            7.482103850655592,
            25.388082502210548
          ],
          "parentMatrix": {
            "elements": [
              -0.7913865062547868,
              -0.12090218598866798,
              0.5992411879061673,
              0,
              0.009962998385855699,
              -0.9826683046591109,
              -0.18510437153605264,
              0,
              0.6112348992996542,
              -0.14051887522543297,
              0.7788750504672554,
              0,
              -3.1203765869140625,
              1.6897273921529194,
              3.8236825609134257,
              1
            ]
          },
          "parentMatrixWorld": {
            "elements": [
              0.627215461200921,
              -0.7780722207757014,
              0.0347035914707734,
              0,
              -0.09198329056746253,
              -0.11824774656282235,
              -0.9887145125589523,
              0,
              0.7733949717593125,
              0.6169449552275209,
              -0.1457364869725522,
              0,
              3.2771559678885636,
              128.57560824678296,
              -2.9225982474754737,
              1
            ]
          }
        }
      },
      "children": [
        20
      ]
    },
    {
      "rotation": [
        -0.321094527168061,
        0.08637580326162916,
        -0.9424608672184083,
        0.034713692987022315
      ],
      "translation": [
        -3.1203765869140625,
        1.6897273921529194,
        3.8236825609134257
      ],
      "scale": [
        0.9999999684104495,
        0.9999999403953552,
        1
      ],
      "name": "Bip01_L_Clavicle",
      "extras": {
        "name": "Bip01_L_Clavicle",
        "transformData": {
          "inheritType": 1,
          "eulerOrder": "ZYX",
          "translation": [
            -3.1203689575195312,
            1.689727783203125,
            3.8236827850341797
          ],
          "rotation": [
            -13.368677401479829,
            -36.815565031595476,
            -171.31392262181572
          ],
          "parentMatrix": {
            "elements": [
              0.9998910644342647,
              -0.008154270025512472,
              -0.012303135494574744,
              0,
              0.008677821598397407,
              0.9990322315521062,
              0.043118901720206916,
              0,
              0.011939625402799012,
              -0.04322096774321179,
              0.9989941347250115,
              0,
              24.56560874950628,
              -1.907470703125,
              -0.00020015954606847667,
              1
            ]
          },
          "parentMatrixWorld": {
            "elements": [
              -0.024560313735990866,
              0.9916760754174831,
              -0.12639374427747196,
              0,
              -0.09411924162154942,
              0.12357655269543963,
              0.9878615107216313,
              0,
              0.9952579200190432,
              0.03615826094820184,
              0.090300708574375,
              0,
              -0.4459959517516796,
              131.3229426563806,
              -5.331492226785169,
              1
            ]
          }
        }
      },
      "children": [
        21
      ]
    },
    {
      "rotation": [
        3.948694291524489e-9,
        1.0807319861205277e-9,
        1,
        1.0536244199025505e-16
      ],
      "translation": [
        3.751527900637486,
        0,
        0.0000017929660293736067
      ],
      "scale": [
        -0.9999999684104495,
        -1.0000000560301885,
        -0.9999999719849058
      ],
      "name": "Bip01_R_Finger0Nub",
      "extras": {
        "name": "Bip01_R_Finger0Nub",
        "transformData": {
          "inheritType": 1,
          "eulerOrder": "ZYX",
          "translation": [
            3.7515296936035156,
            0.0000019073486328125,
            0
          ],
          "rotation": [
            0.0000034150945850063653,
            0,
            -180
          ],
          "scale": [
            -1,
            -1,
            -1
          ],
          "parentMatrix": {
            "elements": [
              0.9756638867797763,
              0.2192714760380021,
